# lvlwidth 21
# lvlheight 27
# bgcolor 0 0 0
# pelletcolor 255 184 255
# fruittype 3

# startleveldata
100 100 100 100 100 100 100 100 100 100 100 100 100 100 100 100 100 100 100 100 100
100 2   2   2   2   2   2   2   2   2   100 2   2   2   2   2   2   2   2   2   100
100 2   100 100 2   100 100 100 2   100 100 100 2   100 100 100 2   100 100 2   100
100 3   100 100 2   100 100 100 2   100 100 100 2   100 100 100 2   100 100 3   100
100 2   100 100 2   100 100 100 2   100 100 100 2   100 100 100 2   100 100 2   100
100 2   2   2   2   2   2   2   2   2   2   2   2   2   2   2   2   2   2   2   100
100 2   100 100 2   100 2   100 100 100 100 100 100 100 2   100 2   100 100 2   100
100 2   100 100 2   100 2   2   2   2   100 2   2   2   2   100 2   100 100 2   100
100 100 100 100 2   100 100 100 0   100 100 100 0   100 100 100 2   100 100 100 100
0   0   0   0   2   100 0   0   0   0   0   0   0   0   0   100 2   0   0   0   0
100 100 100 100 2   100 100 100 0   100 100 100 0   100 100 100 2   100 100 100 100
0   0   0   0   2   0   0   10  11  0   0   0   12  13  0   0   2   0   0   0   0
100 100 100 100 2   100 100 100 0   100 100 100 0   100 100 100 2   100 100 100 100
0   0   0   0   2   100 0   0   0   0   0   0   0   0   0   100 2   0   0   0   0
100 100 100 100 2   100 100 100 0   100 100 100 0   100 100 100 2   100 100 100 100
100 2   100 100 2   100 2   2   2   2   100 2   2   2   2   100 2   100 100 2   100
100 2   100 100 2   100 2   100 100 100 100 100 100 100 2   100 2   100 100 2   100
100 2   2   2   2   2   2   2   2   2   2   2   2   2   2   2   2   2   2   2   100
100 3   2   100 2   2   2   2   2   2   4   2   2   2   2   2   2   100 2   3   100
100 100 2   100 2   100 2   100 100 100 100 100 100 100 2   100 2   100 2   100 100
100 2   2   2   2   100 2   2   2   2   100 2   2   2   2   100 2   2   2   2   100
100 2   100 100 100 100 2   100 100 100 100 100 100 100 2   100 100 100 100 2   100
100 2   100 100 100 100 2   100 100 100 100 100 100 100 2   100 100 100 100 2   100
100 2   2   2   2   2   2   2   2   2   2   2   2   2   2   2   2   2   2   2   100
100 2   100 100 2   100 100 100 100 100 100 100 100 100 100 100 2   100 100 2   100
100 2   2   100 2   2   2   2   2   2   2   2   2   2   2   2   2   100 2   2   100
100 100 100 100 100 100 100 100 100 100 100 100 100 100 100 100 100 100 100 100 100
# endleveldata

# sprites
